DISTANCE = [[0, 648, 671, 261, 32, 930, 419, 953, 739, 7, 825, 724, 886, 871,
             404, 255, 171, 794, 585, 2, 783, 19, 567, 54, 690, 828, 515, 127,
             454, 129, 737, 764, 537, 176, 768, 779, 822, 140, 400, 499, 103,
             361, 360, 418, 982, 347, 386, 802],
            [648, 0, 778, 264, 270, 588, 636, 183, 326, 249, 887, 771, 477,
             536, 160, 100, 70, 592, 889, 612, 424, 318, 159, 323, 656, 311,
             78, 143, 456, 531, 519, 736, 132, 161, 862, 421, 680, 519, 175,
             458, 753, 200, 638, 678, 249, 683, 775, 663],
            [671, 778, 0, 494, 80, 25, 859, 780, 594, 878, 862, 184, 660, 914,
             3, 255, 934, 354, 742, 194, 722, 620, 575, 465, 326, 390, 461,
             475, 323, 398, 555, 851, 885, 680, 847, 253, 68, 981, 13, 594,
             777, 389, 974, 978, 30, 815, 33, 957],
            [261, 264, 494, 0, 580, 931, 37, 975, 759, 627, 263, 485, 677, 957,
             110, 535, 162, 351, 524, 82, 568, 421, 36, 131, 424, 73, 331, 729,
             456, 258, 164, 658, 376, 674, 575, 52, 97, 34, 88, 669, 277, 816,
             714, 702, 235, 147, 965, 712],
            [32, 270, 80, 580, 0, 740, 623, 350, 483, 509, 61, 641, 318, 873,
             664, 729, 743, 560, 877, 832, 201, 867, 61, 411, 883, 74, 752,
             310, 503, 288, 988, 774, 570, 53, 757, 710, 112, 85, 194, 437,
             104, 359, 874, 204, 908, 363, 277, 387],
            [930, 588, 25, 931, 740, 0, 125, 384, 15, 211, 699, 472, 174, 254,
             263, 616, 128, 245, 172, 474, 750, 743, 285, 597, 612, 284, 551,
             627, 159, 496, 359, 761, 736, 104, 455, 30, 315, 975, 491, 314,
             97, 608, 456, 140, 485, 798, 703, 444],
            [419, 636, 859, 37, 623, 125, 0, 517, 340, 408, 759, 661, 976, 344,
             975, 865, 822, 608, 860, 315, 874, 189, 321, 165, 893, 922, 92,
             148, 418, 635, 628, 678, 429, 517, 942, 320, 549, 541, 270, 692,
             384, 905, 359, 738, 728, 511, 161, 558],
            [953, 183, 780, 975, 350, 384, 517, 0, 655, 653, 42, 439, 792, 120,
             526, 209, 653, 705, 256, 32, 444, 938, 640, 308, 771, 665, 666,
             492, 921, 853, 416, 755, 918, 167, 332, 589, 333, 865, 183, 84,
             292, 890, 942, 262, 219, 751, 154, 759],
            [739, 326, 594, 759, 483, 15, 340, 655, 0, 469, 331, 433, 752, 208,
             560, 866, 747, 222, 654, 605, 457, 128, 499, 543, 763, 926, 50,
             474, 262, 5, 563, 368, 378, 81, 537, 939, 658, 351, 822, 771, 859,
             303, 64, 638, 486, 872, 843, 531],
            [7, 249, 878, 627, 509, 211, 408, 653, 469, 0, 270, 21, 320, 714,
             200, 926, 178, 152, 514, 727, 746, 960, 704, 240, 658, 205, 673,
             744, 307, 484, 631, 761, 484, 885, 834, 446, 23, 159, 552, 34,
             725, 369, 324, 713, 651, 628, 855, 425],
            [825, 887, 862, 263, 61, 699, 759, 42, 331, 270, 0, 614, 536, 760,
             446, 469, 341, 103, 822, 445, 838, 875, 97, 370, 266, 458, 738,
             687, 981, 374, 657, 84, 550, 166, 88, 708, 614, 138, 469, 710,
             396, 816, 404, 154, 449, 747, 677, 310],
            [724, 771, 184, 485, 641, 472, 661, 439, 433, 21, 614, 0, 434, 200,
             162, 52, 876, 386, 802, 258, 84, 774, 961, 743, 163, 956, 195,
             829, 784, 982, 825, 888, 895, 310, 288, 204, 109, 948, 556, 261,
             782, 682, 32, 402, 767, 382, 476, 836],
            [886, 477, 660, 677, 318, 174, 976, 792, 752, 320, 536, 434, 0,
             403, 880, 515, 194, 950, 587, 543, 100, 206, 813, 389, 116, 761,
             924, 825, 339, 147, 691, 92, 137, 739, 998, 216, 348, 936, 439,
             534, 523, 411, 557, 770, 685, 333, 675, 61],
            [871, 536, 914, 957, 873, 254, 344, 120, 208, 714, 760, 200, 403,
             0, 759, 410, 971, 895, 937, 529, 574, 675, 585, 230, 435, 912,
             884, 340, 279, 444, 134, 982, 592, 103, 374, 264, 33, 849, 706,
             156, 464, 848, 984, 778, 251, 547, 479, 815],
            [404, 160, 3, 110, 664, 263, 975, 526, 560, 200, 446, 162, 880,
             759, 0, 96, 475, 40, 903, 529, 583, 166, 44, 921, 392, 653, 885,
             799, 561, 834, 580, 863, 768, 480, 942, 958, 113, 426, 67, 291,
             656, 912, 886, 313, 132, 920, 437, 92],
            [255, 100, 255, 535, 729, 616, 865, 209, 866, 926, 469, 52, 515,
             410, 96, 0, 782, 565, 808, 317, 418, 176, 568, 546, 380, 173, 625,
             704, 502, 811, 508, 811, 748, 276, 430, 41, 415, 150, 342, 64,
             421, 841, 682, 122, 995, 96, 998, 103],
            [171, 70, 934, 162, 743, 128, 822, 653, 747, 178, 341, 876, 194,
             971, 475, 782, 0, 678, 444, 625, 78, 343, 271, 498, 759, 87, 198,
             52, 91, 98, 381, 525, 805, 169, 132, 486, 778, 537, 537, 725, 137,
             900, 192, 655, 748, 660, 616, 286],
            [794, 592, 354, 351, 560, 245, 608, 705, 222, 152, 103, 386, 950,
             895, 40, 565, 678, 0, 619, 694, 76, 498, 989, 69, 890, 926, 847,
             403, 812, 932, 636, 512, 382, 533, 553, 973, 245, 495, 516, 102,
             941, 564, 25, 931, 872, 684, 243, 161],
            [585, 889, 742, 524, 877, 172, 860, 256, 654, 514, 822, 802, 587,
             937, 903, 808, 444, 619, 0, 930, 347, 238, 855, 161, 925, 54, 14,
             502, 446, 375, 474, 315, 665, 873, 410, 559, 165, 764, 129, 279,
             820, 413, 373, 480, 759, 183, 97, 765],
            [2, 612, 194, 82, 832, 474, 315, 32, 605, 727, 445, 258, 543, 529,
             529, 317, 625, 694, 930, 0, 497, 460, 891, 933, 547, 142, 54, 117,
             922, 609, 275, 727, 583, 853, 553, 53, 611, 78, 638, 645, 619,
             273, 319, 985, 356, 331, 967, 434],
            [783, 424, 722, 568, 201, 750, 874, 444, 457, 746, 838, 84, 100,
             574, 583, 418, 78, 76, 347, 497, 0, 73, 580, 959, 828, 467, 486,
             983, 210, 246, 112, 185, 709, 673, 458, 67, 906, 54, 744, 432,
             441, 278, 719, 425, 364, 670, 704, 462],
            [19, 318, 620, 421, 867, 743, 189, 938, 128, 960, 875, 774, 206,
             675, 166, 176, 343, 498, 238, 460, 73, 0, 210, 316, 345, 191, 636,
             300, 745, 516, 918, 251, 397, 355, 414, 20, 676, 557, 776, 799,
             876, 418, 835, 937, 757, 303, 162, 867],
            [567, 159, 575, 36, 61, 285, 321, 640, 499, 704, 97, 961, 813, 585,
             44, 568, 271, 989, 855, 891, 580, 210, 0, 201, 376, 284, 370, 266,
             656, 119, 359, 845, 589, 314, 874, 758, 327, 158, 477, 49, 190,
             921, 48, 534, 309, 874, 356, 826],
            [54, 323, 465, 131, 411, 597, 165, 308, 543, 240, 370, 743, 389,
             230, 921, 546, 498, 69, 161, 933, 959, 316, 201, 0, 657, 927, 599,
             605, 581, 761, 652, 55, 531, 841, 442, 558, 386, 82, 282, 260,
             513, 40, 633, 236, 326, 626, 854, 785],
            [690, 656, 326, 424, 883, 612, 893, 771, 763, 658, 266, 163, 116,
             435, 392, 380, 759, 890, 925, 547, 828, 345, 376, 657, 0, 343,
             246, 400, 714, 431, 723, 952, 335, 418, 296, 141, 185, 512, 975,
             87, 278, 349, 746, 52, 214, 686, 91, 425],
            [828, 311, 390, 73, 74, 284, 922, 665, 926, 205, 458, 956, 761,
             912, 653, 173, 87, 926, 54, 142, 467, 191, 284, 927, 343, 0, 942,
             197, 502, 173, 590, 185, 595, 533, 291, 382, 933, 392, 538, 793,
             956, 700, 978, 878, 265, 284, 730, 991],
            [515, 78, 461, 331, 752, 551, 92, 666, 50, 673, 738, 195, 924, 884,
             885, 625, 198, 847, 14, 54, 486, 636, 370, 599, 246, 942, 0, 351,
             248, 646, 283, 228, 72, 893, 477, 20, 37, 412, 329, 619, 315, 912,
             244, 904, 258, 694, 957, 543],
            [127, 143, 475, 729, 310, 627, 148, 492, 474, 744, 687, 829, 825,
             340, 799, 704, 52, 403, 502, 117, 983, 300, 266, 605, 400, 197,
             351, 0, 977, 862, 259, 883, 421, 679, 974, 244, 979, 900, 994,
             887, 999, 280, 555, 481, 126, 346, 967, 610],
            [454, 456, 323, 456, 503, 159, 418, 921, 262, 307, 981, 784, 339,
             279, 561, 502, 91, 812, 446, 922, 210, 745, 656, 581, 714, 502,
             248, 977, 0, 932, 707, 156, 69, 917, 208, 676, 250, 130, 853, 470,
             972, 303, 228, 751, 873, 367, 90, 287],
            [129, 531, 398, 258, 288, 496, 635, 853, 5, 484, 374, 982, 147,
             444, 834, 811, 98, 932, 375, 609, 246, 516, 119, 761, 431, 173,
             646, 862, 932, 0, 183, 403, 743, 509, 602, 831, 96, 233, 975, 654,
             931, 444, 835, 760, 6, 147, 982, 149],
            [737, 519, 555, 164, 988, 359, 628, 416, 563, 631, 657, 825, 691,
             134, 580, 508, 381, 636, 474, 275, 112, 918, 359, 652, 723, 590,
             283, 259, 707, 183, 0, 977, 299, 225, 304, 144, 640, 662, 904,
             563, 12, 770, 366, 214, 302, 159, 68, 848],
            [764, 736, 851, 658, 774, 761, 678, 755, 368, 761, 84, 888, 92,
             982, 863, 811, 525, 512, 315, 727, 185, 251, 845, 55, 952, 185,
             228, 883, 156, 403, 977, 0, 962, 806, 159, 283, 902, 142, 738, 34,
             869, 865, 968, 315, 765, 43, 680, 437],
            [537, 132, 885, 376, 570, 736, 429, 918, 378, 484, 550, 895, 137,
             592, 768, 748, 805, 382, 665, 583, 709, 397, 589, 531, 335, 595,
             72, 421, 69, 743, 299, 962, 0, 830, 120, 101, 599, 899, 778, 667,
             201, 577, 364, 213, 764, 975, 176, 767],
            [176, 161, 680, 674, 53, 104, 517, 167, 81, 885, 166, 310, 739,
             103, 480, 276, 169, 533, 873, 853, 673, 355, 314, 841, 418, 533,
             893, 679, 917, 509, 225, 806, 830, 0, 517, 364, 633, 261, 446,
             501, 258, 214, 525, 877, 936, 57, 968, 202],
            [768, 862, 847, 575, 757, 455, 942, 332, 537, 834, 88, 288, 998,
             374, 942, 430, 132, 553, 410, 553, 458, 414, 874, 442, 296, 291,
             477, 974, 208, 602, 304, 159, 120, 517, 0, 682, 943, 868, 474, 21,
             986, 268, 576, 391, 130, 905, 587, 750],
            [779, 421, 253, 52, 710, 30, 320, 589, 939, 446, 708, 204, 216,
             264, 958, 41, 486, 973, 559, 53, 67, 20, 758, 558, 141, 382, 20,
             244, 676, 831, 144, 283, 101, 364, 682, 0, 426, 940, 883, 50, 527,
             8, 967, 737, 836, 730, 491, 982],
            [822, 680, 68, 97, 112, 315, 549, 333, 658, 23, 614, 109, 348, 33,
             113, 415, 778, 245, 165, 611, 906, 676, 327, 386, 185, 933, 37,
             979, 250, 96, 640, 902, 599, 633, 943, 426, 0, 506, 71, 965, 286,
             734, 18, 884, 578, 980, 235, 847],
            [140, 519, 981, 34, 85, 975, 541, 865, 351, 159, 138, 948, 936,
             849, 426, 150, 537, 495, 764, 78, 54, 557, 158, 82, 512, 392, 412,
             900, 130, 233, 662, 142, 899, 261, 868, 940, 506, 0, 320, 990, 64,
             42, 308, 398, 370, 524, 859, 288],
            [400, 175, 13, 88, 194, 491, 270, 183, 822, 552, 469, 556, 439,
             706, 67, 342, 537, 516, 129, 638, 744, 776, 477, 282, 975, 538,
             329, 994, 853, 975, 904, 738, 778, 446, 474, 883, 71, 320, 0, 263,
             101, 524, 210, 664, 50, 721, 67, 340],
            [499, 458, 594, 669, 437, 314, 692, 84, 771, 34, 710, 261, 534,
             156, 291, 64, 725, 102, 279, 645, 432, 799, 49, 260, 87, 793, 619,
             887, 470, 654, 563, 34, 667, 501, 21, 50, 965, 990, 263, 0, 821,
             55, 870, 980, 336, 487, 710, 503],
            [103, 753, 777, 277, 104, 97, 384, 292, 859, 725, 396, 782, 523,
             464, 656, 421, 137, 941, 820, 619, 441, 876, 190, 513, 278, 956,
             315, 999, 972, 931, 12, 869, 201, 258, 986, 527, 286, 64, 101,
             821, 0, 578, 871, 637, 625, 515, 364, 462],
            [361, 200, 389, 816, 359, 608, 905, 890, 303, 369, 816, 682, 411,
             848, 912, 841, 900, 564, 413, 273, 278, 418, 921, 40, 349, 700,
             912, 280, 303, 444, 770, 865, 577, 214, 268, 8, 734, 42, 524, 55,
             578, 0, 788, 576, 334, 869, 522, 269],
            [360, 638, 974, 714, 874, 456, 359, 942, 64, 324, 404, 32, 557,
             984, 886, 682, 192, 25, 373, 319, 719, 835, 48, 633, 746, 978,
             244, 555, 228, 835, 366, 968, 364, 525, 576, 967, 18, 308, 210,
             870, 871, 788, 0, 8, 86, 533, 161, 741],
            [418, 678, 978, 702, 204, 140, 738, 262, 638, 713, 154, 402, 770,
             778, 313, 122, 655, 931, 480, 985, 425, 937, 534, 236, 52, 878,
             904, 481, 751, 760, 214, 315, 213, 877, 391, 737, 884, 398, 664,
             980, 637, 576, 8, 0, 11, 701, 208, 463],
            [982, 249, 30, 235, 908, 485, 728, 219, 486, 651, 449, 767, 685,
             251, 132, 995, 748, 872, 759, 356, 364, 757, 309, 326, 214, 265,
             258, 126, 873, 6, 302, 765, 764, 936, 130, 836, 578, 370, 50, 336,
             625, 334, 86, 11, 0, 940, 77, 12],
            [347, 683, 815, 147, 363, 798, 511, 751, 872, 628, 747, 382, 333,
             547, 920, 96, 660, 684, 183, 331, 670, 303, 874, 626, 686, 284,
             694, 346, 367, 147, 159, 43, 975, 57, 905, 730, 980, 524, 721,
             487, 515, 869, 533, 701, 940, 0, 86, 578],
            [386, 775, 33, 965, 277, 703, 161, 154, 843, 855, 677, 476, 675,
             479, 437, 998, 616, 243, 97, 967, 704, 162, 356, 854, 91, 730,
             957, 967, 90, 982, 68, 680, 176, 968, 587, 491, 235, 859, 67, 710,
             364, 522, 161, 208, 77, 86, 0, 990],
            [802, 663, 957, 712, 387, 444, 558, 759, 531, 425, 310, 836, 61,
             815, 92, 103, 286, 161, 765, 434, 462, 867, 826, 785, 425, 991,
             543, 610, 287, 149, 848, 437, 767, 202, 750, 982, 847, 288, 340,
             503, 462, 269, 741, 463, 12, 578, 990, 0]]
